252
1
/
34
Wallace
St
,
Kingsford
NSW
2032
Bunnerong
Rd
Court
Ave
Haig
-
Smith
Tamworth
2340
Wurley
5
Meeks
1368
Drv
Eagle
Farm
QLD
4009
372
Anzac
Pde
514
526
60
Sturt
605
Hamilton
4007
10
Barker
Borrodale
Gardeners
Fairy
Meadow
2519
105
Holmes
106
Botany
1069
108
Tunstall
1082
1084
1089
1090
1094
11
Doran
1100
1105
1113
1130
1133
114
1149
Pinkenba
4008
1173
1189
1189A
1189a
12
783
Benvenue
Edgar
Crt
Port
Kennedy
WA
6172
Taminda
Bayswater
VIC
3153
Rainbow
120
121
Boundary
6701
Houston
125
Av
Middleton
Grange
2171
125a
126
Eastern
1283
1289
13
Aboud
1307
1309
134
1359
1362
14
Anderson
Paton
50
15
155a
156
157
159a
16
Rigney
165
Melba
ACT
2615
17
Burbong
Col
Braund
Crs
chenflower
4066
Shaw
18
Garden
19
190
19B
1a
1b
482
1st
Fl
472
Floor
383
295
857
2
Harbourne
Albion
4010
Middle
Norton
1171
256
68
Maroochydore
4558
908
20
Gardners
La
21
Ainslie
Apsley
Broadbent
Avenue
212a
213
Doncaster
214
217
22
Goodrich
Irvine
Bundaberg
4670
225
23
Pardy
231
24
241
25
251
255
271
26
Hincks
27
Mooroobool
4870
275
277
28
281
287
291
29
Berkeley
Vale
2261
291a
3
Kingsfordsmith
388
30
Maitland
Wollenore
301
307
309
31
315
317
319
32
327
329
33
Maroubra
2035
337
339b
Brunswick
Heads
2483
343
345
349
351
353
36
361
363
367
368
37
373
379
385
389
39
390
395
397
3A
937
4
45
49
Harbouren
Sandhurst
3977
0 0 7
0 71 1
0 107 1
0 145 5
0 201 2
0 244 1
0 246 2
1 0 6
1 2 3
1 19 1
1 21 1
1 27 3
1 30 1
1 31 1
1 32 1
1 34 2
1 37 4
1 44 1
1 46 1
1 48 1
1 49 1
1 51 1
1 52 1
1 53 1
1 54 1
1 55 1
1 56 2
1 58 1
1 59 1
1 60 1
1 61 2
1 62 1
1 63 1
1 64 1
1 67 1
1 68 1
1 69 1
1 70 1
1 71 7
1 72 2
1 85 1
1 86 2
1 90 1
1 95 1
1 96 2
1 98 1
1 99 1
1 100 3
1 102 1
1 103 1
1 104 1
1 105 1
1 106 1
1 107 3
1 110 1
1 111 1
1 112 1
1 113 1
1 114 1
1 115 1
1 116 2
1 118 1
1 122 7
1 130 2
1 132 1
1 133 1
1 134 1
1 135 1
1 136 1
1 137 1
1 140 1
1 142 2
1 143 2
1 144 1
1 145 5
1 151 1
1 152 1
1 153 1
1 156 1
1 157 2
1 160 6
1 165 1
1 166 2
1 168 1
1 169 1
1 170 4
1 175 1
1 176 1
1 178 1
1 179 1
1 180 2
1 181 3
1 182 1
1 183 2
1 184 1
1 185 2
1 187 2
1 190 1
1 191 1
1 192 1
1 193 1
1 194 1
1 195 1
1 196 1
1 200 1
1 201 1
1 203 2
1 204 4
1 207 1
1 208 1
1 209 1
1 210 4
1 211 1
1 212 1
1 213 1
1 214 3
1 215 1
1 216 1
1 217 1
1 220 1
1 221 1
1 225 1
1 226 1
1 227 1
1 228 1
1 229 1
1 230 1
1 231 1
1 232 1
1 233 1
1 234 1
1 235 1
1 236 1
1 237 1
1 238 1
1 239 1
1 240 1
1 241 1
1 242 1
1 243 1
1 245 1
1 246 3
1 247 1
1 248 1
2 3 2
2 6 68
2 9 5
2 11 1
2 13 1
2 15 50
2 18 1
2 20 4
2 28 43
2 33 3
2 38 2
2 39 2
2 40 12
2 45 1
2 47 8
2 50 1
2 57 2
2 73 1
2 74 1
2 77 2
2 84 1
2 87 1
2 89 4
2 97 3
2 101 3
2 108 1
2 109 2
2 117 1
2 123 1
2 124 1
2 125 1
2 129 2
2 131 1
2 146 3
2 149 1
2 150 1
2 158 1
2 161 1
2 162 1
2 163 1
2 167 2
2 171 1
2 172 1
2 177 1
2 186 1
2 202 1
2 205 1
2 206 1
2 249 1
3 4 61
3 10 28
3 12 18
3 22 43
3 29 44
3 75 2
3 91 1
3 126 1
3 159 1
3 164 1
4 6 131
4 16 6
4 23 25
4 24 25
4 35 8
4 41 10
4 42 10
4 65 5
4 76 1
4 77 1
4 80 1
4 81 1
4 92 1
4 93 1
4 119 1
4 127 1
4 147 1
4 154 1
4 173 1
4 188 1
4 197 2
4 198 2
4 218 1
4 222 1
4 223 1
4 250 1
5 7 152
5 25 43
5 78 2
5 82 2
5 120 1
6 8 130
6 17 7
6 26 25
6 36 8
6 43 10
6 66 5
6 79 1
6 83 1
6 88 1
6 94 1
6 121 1
6 128 1
6 148 1
6 155 1
6 174 1
6 189 1
6 199 2
6 219 1
6 224 1
6 251 1
16 139 1
16 141 3
17 138 4
20 5 403
21 1 18
22 14 8